# oST version 5.0 parameters


[image]

width
964

height
724

[narrow_stereo]

camera matrix
481.228482 0.000000 456.782531
0.000000 481.158298 364.412635
0.000000 0.000000 1.000000

distortion
-0.195875 0.065588 0.003400 0.000218 0.000000

rectification
1.000000 0.000000 0.000000
0.000000 1.000000 0.000000
0.000000 0.000000 1.000000

projection
422.024750 0.000000 460.332694 0.000000
0.000000 429.271149 368.531509 0.000000
0.000000 0.000000 1.000000 0.000000

